00100000000000010000000000000001
00000000000000010001000000100000
00001100000000010000000000000001
00001100000000010000000000000010
00100000000001010000000000010010
00100000000001100000000000000001
00100000000001110000000000000010
00000000010000010001100000100000
00100000111001110000000000000001
00001100111000110000000000000000
00000000000000100000100000100000
00000000000000110001000000100000
00000000101001100010100000100010
00010000101000000000000000000001
00001000000000000000000000000111
00100000000010000011001101110010
00100000111001110000000000000001
00001100111010000000000000000000
00100000000010010000000000000000
00100000000010100000000000000000
00000001000010100100100000101010
00100000111001110000000000000001
00001100111010010000000000000000
