<<<<<<< HEAD
         x
         x
         x
         x
         x
         x
         x
         x
         x
         x
         x
         x
         x
         x
         x
         x
         x
         x
         x
         x
         x
         x
         x
         x
         x
         x
         x
         x
         x
         x
         x
         x
         x
         x
         x
         x
         x
         x
         x
         x
         x
         x
         x
         x
         x
         x
         x
         x
         x
         x
         x
         x
         x
         x
         x
         x
         x
         x
         x
         x
         x
         x
         x
         x
=======
 303379748
         8
        13
        13
         0
         0
         1
         0
         0
         0
         0
         0
         0
         0
         0
         0
         0
         0
         0
         0
         0
         0
         0
         0
         0
         0
         0
         0
         0
         0
         0
         0
        13
 274997536
1433945514
3469528221
3407888022
2307110931
2260482061
2846348883
 899669355
3936758485
2165787138
3612753582
 251652381
3888476879
 293882147
  84501770
3849521866
2654030908
2036907506
1160667530
 549761857
3964351704
1008792440
3297383049
1975848427
1526883766
1665923526
1460999086
3732210364
 353361194
2245499403
3096952433
1123172741
 670192975
2647416891
 486945594
3206754942
 178932501
2027527153
1822182361
 824379234
 641071948
1335973279
1203347855
2087561720
3687669943
3485750943
2927465564
2915811419
1155413897
2762879561
3894623952
3959341271
2831678545
1260466070
 102596364
3777810114
1683484104
3145882231
 519236925
 151837458
3204776062
 921010541
 484042553
 265457439
3924555475
1121529733
3155462264
 769284443
 613108553
2683481663
 353152810
 739599192
3275700358
3340373134
3459248796
2100664826
2474490918
 966137715
3515593891
2543429679
3654455987
2950190687
 573115716
2079915511
3852154571
4077460198
 757652314
 349159721
4135772909
3981667546
2996811365
3666535093
4022244575
1022433657
 573701956
3899919568
 352914218
1442229675
 124768014
1851633116
3445537946
4276056829
3790668483
 722398550
 662301006
3017373287
2234594314
1534048694
2618198584
1020364665
3693855928
1249165204
1237736851
2185178116
2897726041
1842047451
2801589837
1823520729
3064211053
3141919350
1698384330
1528245686
1251176853
2735151686
  41196292
2077385207
 882378601
3664689844
1140952456
 343726376
2526020653
3821351111
2539428910
2222449672
 239158556
4272400125
 345900841
2386006044
1127573382
3979610330
2662843965
 860792678
3092628592
3119842419
1567726010
 792376158
2101836282
1787692501
2368009754
3706716345
 461857079
1260861334
1614356928
 321232678
3678804662
1050248061
1851723740
1130452870
1006894968
1062902654
3985473755
3888363215
1022176121
4247315706
2965171809
 194251031
3505748129
1131909510
2825098832
2056018421
2595522613
2493155881
1622242753
3806688453
3422663832
 632453963
3112977011
4129482476
3310360202
 660132174
3561717928
1419705769
3502935201
 118208782
4080297702
3486957727
 355448106
 358227242
3333813389
1333133214
2624448056
3167725689
1684333512
1696810442
 167723283
 899729771
3820465863
1527504310
1560649146
1645652932
1552061881
1227871122
3659963060
1069235071
3274936454
2104358394
4180120818
 423960882
3738066621
1112526212
4064912612
1698942922
1420327337
3499468961
1197844878
4253772539
2246385163
>>>>>>> refs/remotes/origin/master
